           5  lowest eigenvalues - Lanczos, exact
 iteration:           1
           1   49.865345447731663        50.010946087355670     
           2   0.0000000000000000        5.1987505309260547     
           3   0.0000000000000000        5.1856783411660166     
           4   0.0000000000000000        5.0014143250821714     
           5   0.0000000000000000        4.8032831650372225     
           5  lowest eigenvalues - Lanczos, exact
 iteration:           2
           1   50.010483536877160        50.010946087355670     
           2   0.0000000000000000        5.1987505309260547     
           3   0.0000000000000000        5.1856783411660166     
           4   0.0000000000000000        5.0014143250821714     
           5   0.0000000000000000        4.8032831650372225     
           5  lowest eigenvalues - Lanczos, exact
 iteration:           3
           1   50.010944114790625        50.010946087355670     
           2   2.2381519999131143        5.1987505309260547     
           3   0.0000000000000000        5.1856783411660166     
           4   0.0000000000000000        5.0014143250821714     
           5   0.0000000000000000        4.8032831650372225     
           5  lowest eigenvalues - Lanczos, exact
 iteration:           4
           1   50.010946079894339        50.010946087355670     
           2   3.6944841148584979        5.1987505309260547     
           3   0.0000000000000000        5.1856783411660166     
           4   0.0000000000000000        5.0014143250821714     
           5   0.0000000000000000        4.8032831650372225     
           5  lowest eigenvalues - Lanczos, exact
 iteration:           5
           1   50.010946087335469        50.010946087355670     
           2   4.5623970652249470        5.1987505309260547     
           3   1.5066375416788675        5.1856783411660166     
           4   0.0000000000000000        5.0014143250821714     
           5   0.0000000000000000        4.8032831650372225     
           5  lowest eigenvalues - Lanczos, exact
 iteration:           6
           1   50.010946087355627        50.010946087355670     
           2   4.8780557439000889        5.1987505309260547     
           3   2.3285980378656843        5.1856783411660166     
           4   0.0000000000000000        5.0014143250821714     
           5   0.0000000000000000        4.8032831650372225     
           5  lowest eigenvalues - Lanczos, exact
 iteration:           7
           1   50.010946087355691        50.010946087355670     
           2   5.0432967083489846        5.1987505309260547     
           3   3.1717080567325713        5.1856783411660166     
           4   1.1694749719706652        5.0014143250821714     
           5   0.0000000000000000        4.8032831650372225     
           5  lowest eigenvalues - Lanczos, exact
 iteration:           8
           1   50.010946087355691        50.010946087355670     
           2   5.1405932140918287        5.1987505309260547     
           3   3.7764898974905270        5.1856783411660166     
           4   1.8143829032259429        5.0014143250821714     
           5   0.0000000000000000        4.8032831650372225     
           5  lowest eigenvalues - Lanczos, exact
 iteration:           9
           1   50.010946087355691        50.010946087355670     
           2   5.1680823623530703        5.1987505309260547     
           3   3.9638400592537808        5.1856783411660166     
           4   2.1123659139710393        5.0014143250821714     
           5  0.54845310347756415        4.8032831650372225     
           5  lowest eigenvalues - Lanczos, exact
 iteration:          10
           1   50.010946087355691        50.010946087355670     
           2   5.1789105165026781        5.1987505309260547     
           3   4.0870824166648889        5.1856783411660166     
           4   2.7165450137049203        5.0014143250821714     
           5   1.5877569893646590        4.8032831650372225     
           5  lowest eigenvalues - Lanczos, exact
 iteration:          11
           1   50.010946087355691        50.010946087355670     
           2   5.1840876648865191        5.1987505309260547     
           3   4.2195573591544013        5.1856783411660166     
           4   3.3862818791140064        5.0014143250821714     
           5   1.9360102545982611        4.8032831650372225     
           5  lowest eigenvalues - Lanczos, exact
 iteration:          12
           1   50.010946087355691        50.010946087355670     
           2   5.1871375649706506        5.1987505309260547     
           3   4.3835868943009881        5.1856783411660166     
           4   3.7296150530033363        5.0014143250821714     
           5   2.1860173110747088        4.8032831650372225     
           5  lowest eigenvalues - Lanczos, exact
 iteration:          13
           1   50.010946087355691        50.010946087355670     
           2   5.1900125093984046        5.1987505309260547     
           3   4.6094126528494712        5.1856783411660166     
           4   3.9355613097128574        5.0014143250821714     
           5   2.7089013665019968        4.8032831650372225     
           5  lowest eigenvalues - Lanczos, exact
 iteration:          14
           1   50.010946087355691        50.010946087355670     
           2   5.1920792503922248        5.1987505309260547     
           3   4.7584099109512401        5.1856783411660166     
           4   4.0269446022259858        5.0014143250821714     
           5   3.0895246254009603        4.8032831650372225     
           5  lowest eigenvalues - Lanczos, exact
 iteration:          15
           1   50.010946087355691        50.010946087355670     
           2   5.1934929876929896        5.1987505309260547     
           3   4.8451791996647753        5.1856783411660166     
           4   4.0919715815811433        5.0014143250821714     
           5   3.3945548597174113        4.8032831650372225     
           5  lowest eigenvalues - Lanczos, exact
 iteration:          16
           1   50.010946087355691        50.010946087355670     
           2   5.1942113951734896        5.1987505309260547     
           3   4.8868808548390232        5.1856783411660166     
           4   4.1462647116875218        5.0014143250821714     
           5   3.6178356462104126        4.8032831650372225     
           5  lowest eigenvalues - Lanczos, exact
 iteration:          17
           1   50.010946087355691        50.010946087355670     
           2   5.1946614059722060        5.1987505309260547     
           3   4.9149572187821970        5.1856783411660166     
           4   4.2268020933093320        5.0014143250821714     
           5   3.8297245568735825        4.8032831650372225     
           5  lowest eigenvalues - Lanczos, exact
 iteration:          18
           1   50.010946087355691        50.010946087355670     
           2   5.1950185219097111        5.1987505309260547     
           3   4.9414527345060986        5.1856783411660166     
           4   4.3910415029095873        5.0014143250821714     
           5   3.9970495146834790        4.8032831650372225     
           5  lowest eigenvalues - Lanczos, exact
 iteration:          19
           1   50.010946087355691        50.010946087355670     
           2   5.1953064175153205        5.1987505309260547     
           3   4.9677713270533843        5.1856783411660166     
           4   4.5613822170044616        5.0014143250821714     
           5   4.0680551333775039        4.8032831650372225     
           5  lowest eigenvalues - Lanczos, exact
 iteration:          20
           1   50.010946087355691        50.010946087355670     
           2   5.1955419116117723        5.1987505309260547     
           3   4.9937944023142382        5.1856783411660166     
           4   4.6768117484630025        5.0014143250821714     
           5   4.1098010706665464        4.8032831650372225     
           5  lowest eigenvalues - Lanczos, exact
 iteration:          21
           1   50.010946087355691        50.010946087355670     
           2   5.1956719635889552        5.1987505309260547     
           3   5.0102438906877440        5.1856783411660166     
           4   4.7299530986283154        5.0014143250821714     
           5   4.1394546855546501        4.8032831650372225     
           5  lowest eigenvalues - Lanczos, exact
 iteration:          22
           1   50.010946087355691        50.010946087355670     
           2   5.1957480214363034        5.1987505309260547     
           3   5.0211258694088823        5.1856783411660166     
           4   4.7617279512414097        5.0014143250821714     
           5   4.1780246384543176        4.8032831650372225     
           5  lowest eigenvalues - Lanczos, exact
 iteration:          23
           1   50.010946087355691        50.010946087355670     
           2   5.1958155125024614        5.1987505309260547     
           3   5.0326956637256046        5.1856783411660166     
           4   4.7974402393745628        5.0014143250821714     
           5   4.3147861784106727        4.8032831650372225     
           5  lowest eigenvalues - Lanczos, exact
 iteration:          24
           1   50.010946087355691        50.010946087355670     
           2   5.1959078354969410        5.1987505309260547     
           3   5.0532070057540963        5.1856783411660166     
           4   4.8616606547226766        5.0014143250821714     
           5   4.5524082584229522        4.8032831650372225     
           5  lowest eigenvalues - Lanczos, exact
 iteration:          25
           1   50.010946087355691        50.010946087355670     
           2   5.1960347508810250        5.1987505309260547     
           3   5.0857296009513089        5.1856783411660166     
           4   4.9257697791113735        5.0014143250821714     
           5   4.6512037824516694        4.8032831650372225     
           5  lowest eigenvalues - Lanczos, exact
 iteration:          26
           1   50.010946087355691        50.010946087355670     
           2   5.1961871655132494        5.1987505309260547     
           3   5.1165247993010139        5.1856783411660166     
           4   4.9566587246344236        5.0014143250821714     
           5   4.6862886516938085        4.8032831650372225     
           5  lowest eigenvalues - Lanczos, exact
 iteration:          27
           1   50.010946087355691        50.010946087355670     
           2   5.1963909164917519        5.1987505309260547     
           3   5.1410053008663734        5.1856783411660166     
           4   4.9728695828314153        5.0014143250821714     
           5   4.7077111128218609        4.8032831650372225     
           5  lowest eigenvalues - Lanczos, exact
 iteration:          28
           1   50.010946087355691        50.010946087355670     
           2   5.1966953003889182        5.1987505309260547     
           3   5.1595630712596758        5.1856783411660166     
           4   4.9833336653870788        5.0014143250821714     
           5   4.7267673069510154        4.8032831650372225     
           5  lowest eigenvalues - Lanczos, exact
 iteration:          29
           1   50.010946087355691        50.010946087355670     
           2   5.1972111708715438        5.1987505309260547     
           3   5.1733682052574794        5.1856783411660166     
           4   4.9913706218257152        5.0014143250821714     
           5   4.7490430952026443        4.8032831650372225     
           5  lowest eigenvalues - Lanczos, exact
 iteration:          30
           1   50.010946087355691        50.010946087355670     
           2   5.1978782329858859        5.1987505309260547     
           3   5.1809933246681901        5.1856783411660166     
           4   4.9966594934045991        5.0014143250821714     
           5   4.7709201295485340        4.8032831650372225     
           5  lowest eigenvalues - Lanczos, exact
 iteration:          31
           1   50.010946087355691        50.010946087355670     
           2   5.1983921212704933        5.1987505309260547     
           3   5.1841370553698036        5.1856783411660166     
           4   4.9994538442038614        5.0014143250821714     
           5   4.7863439698119956        4.8032831650372225     
           5  lowest eigenvalues - Lanczos, exact
 iteration:          32
           1   50.010946087355691        50.010946087355670     
           2   5.1986228446534923        5.1987505309260547     
           3   5.1851706784276086        5.1856783411660166     
           4   5.0006165306844137        5.0014143250821714     
           5   4.7942963356763917        4.8032831650372225     
           5  lowest eigenvalues - Lanczos, exact
 iteration:          33
           1   50.010946087355691        50.010946087355670     
           2   5.1986920956820839        5.1987505309260547     
           3   5.1854496808753368        5.1856783411660166     
           4   5.0009919294111684        5.0014143250821714     
           5   4.7973603744313866        4.8032831650372225     
           5  lowest eigenvalues - Lanczos, exact
 iteration:          34
           1   50.010946087355691        50.010946087355670     
           2   5.1987283701274141        5.1987505309260547     
           3   5.1855917516272489        5.1856783411660166     
           4   5.0012201407640289        5.0014143250821714     
           5   4.7996509141930295        4.8032831650372225     
           5  lowest eigenvalues - Lanczos, exact
 iteration:          35
           1   50.010946087355691        50.010946087355670     
           2   5.1987429556108022        5.1987505309260547     
           3   5.1856485087546487        5.1856783411660166     
           4   5.0013311869789803        5.0014143250821714     
           5   4.8010852132442032        4.8032831650372225     
           5  lowest eigenvalues - Lanczos, exact
 iteration:          36
           1   50.010946087355691        50.010946087355670     
           2   5.1987472027253991        5.1987505309260547     
           3   5.1856650995812403        5.1856783411660166     
           4   5.0013697323331190        5.0014143250821714     
           5   4.8017120783664060        4.8032831650372225     
           5  lowest eigenvalues - Lanczos, exact
 iteration:          37
           1   50.010946087355691        50.010946087355670     
           2   5.1987489302522540        5.1987505309260547     
           3   5.1856719037262415        5.1856783411660166     
           4   5.0013883474164702        5.0014143250821714     
           5   4.8020899708567173        4.8032831650372225     
           5  lowest eigenvalues - Lanczos, exact
 iteration:          38
           1   50.010946087355691        50.010946087355670     
           2   5.1987498123761027        5.1987505309260547     
           3   5.1856754166280901        5.1856783411660166     
           4   5.0013999609712156        5.0014143250821714     
           5   4.8023979722643295        4.8032831650372225     
           5  lowest eigenvalues - Lanczos, exact
 iteration:          39
           1   50.010946087355691        50.010946087355670     
           2   5.1987502484851431        5.1987505309260547     
           3   5.1856771762309002        5.1856783411660166     
           4   5.0014072015857121        5.0014143250821714     
           5   4.8026655693951055        4.8032831650372225     
           5  lowest eigenvalues - Lanczos, exact
 iteration:          40
           1   50.010946087355691        50.010946087355670     
           2   5.1987504262944917        5.1987505309260547     
           3   5.1856779032390854        5.1856783411660166     
           4   5.0014109336264765        5.0014143250821714     
           5   4.8028629182451725        4.8032831650372225     
           5  lowest eigenvalues - Lanczos, exact
 iteration:          41
           1   50.010946087355691        50.010946087355670     
           2   5.1987504773453406        5.1987505309260547     
           3   5.1856781145202957        5.1856783411660166     
           4   5.0014122558054064        5.0014143250821714     
           5   4.8029592401306616        4.8032831650372225     
           5  lowest eigenvalues - Lanczos, exact
 iteration:          42
           1   50.010946087355691        50.010946087355670     
           2   5.1987505082926795        5.1987505309260547     
           3   5.1856782443365850        5.1856783411660166     
           4   5.0014132662017055        5.0014143250821714     
           5   4.8030641570639263        4.8032831650372225     
           5  lowest eigenvalues - Lanczos, exact
 iteration:          43
           1   50.010946087355691        50.010946087355670     
           2   5.1987505255811914        5.1987505309260547     
           3   5.1856783180051593        5.1856783411660166     
           4   5.0014140121786950        5.0014143250821714     
           5   4.8031894495655916        4.8032831650372225     
           5  lowest eigenvalues - Lanczos, exact
 iteration:          44
           1   50.010946087355691        50.010946087355670     
           2   5.1987505294154923        5.1987505309260547     
           3   5.1856783345514499        5.1856783411660166     
           4   5.0014142195527569        5.0014143250821714     
           5   4.8032420607884676        4.8032831650372225     
           5  lowest eigenvalues - Lanczos, exact
 iteration:          45
           1   50.010946087355691        50.010946087355670     
           2   5.1987505303671266        5.1987505309260547     
           3   5.1856783386947916        5.1856783411660166     
           4   5.0014142794011267        5.0014143250821714     
           5   4.8032613964553654        4.8032831650372225     
           5  lowest eigenvalues - Lanczos, exact
 iteration:          46
           1   50.010946087355691        50.010946087355670     
           2   5.1987505307217310        5.1987505309260547     
           3   5.1856783402539426        5.1856783411660166     
           4   5.0014143055901803        5.0014143250821714     
           5   4.8032719097193350        4.8032831650372225     
           5  lowest eigenvalues - Lanczos, exact
 iteration:          47
           1   50.010946087355691        50.010946087355670     
           2   5.1987505308618402        5.1987505309260547     
           3   5.1856783408765832        5.1856783411660166     
           4   5.0014143179198145        5.0014143250821714     
           5   4.8032781426248281        4.8032831650372225     
           5  lowest eigenvalues - Lanczos, exact
 iteration:          48
           1   50.010946087355691        50.010946087355670     
           2   5.1987505309088036        5.1987505309260547     
           3   5.1856783410875096        5.1856783411660166     
           4   5.0014143228372179        5.0014143250821714     
           5   4.8032812641416243        4.8032831650372225     
           5  lowest eigenvalues - Lanczos, exact
 iteration:          49
           1   50.010946087355691        50.010946087355670     
           2   5.1987505309221715        5.1987505309260547     
           3   5.1856783411481642        5.1856783411660166     
           4   5.0014143244957587        5.0014143250821714     
           5   4.8032825718763661        4.8032831650372225     
           5  lowest eigenvalues - Lanczos, exact
 iteration:          50
           1   50.010946087355691        50.010946087355670     
           2   5.1987505309251540        5.1987505309260547     
           3   5.1856783411618199        5.1856783411660166     
           4   5.0014143249256930        5.0014143250821714     
           5   4.8032829796748748        4.8032831650372225     
 Lanczos iterations finished...
