0.351736
0.342433
0.822539
0.894724
0.482606
0.242160
0.652400
0.473335
0.473560
0.096743
0.969329
0.429542
0.715105
0.430255
0.875522
0.401387
0.653064
0.631060
0.009752
0.589972
0.407559
0.135721
0.140412
0.883477
0.739636
0.152385
0.561135
0.918113
0.618682
0.802360
0.228285
0.731837
0.364360
0.956471
0.803101
0.062065
0.373651
0.872729
0.476148
0.021455
0.112390
0.537484
0.602559
0.279264
0.721232
0.567786
0.959549
0.042990
0.945541
0.303515
0.653222
0.327080
0.899403
0.439249
0.091715
0.158157
0.018815
0.679259
0.786643
0.724900
0.242161
0.517579
0.347380
0.433097
0.598702
0.121751
0.037925
0.995422
0.743510
0.119087
0.377959
0.990254
0.228562
0.814847
0.526144
0.558228
0.070979
0.172923
0.835893
0.094761
0.696047
0.574354
0.001843
0.612960
0.538464
0.102418
0.380064
0.636143
0.494382
0.146017
0.756942
0.324706
0.144386
0.855649
0.439288
0.852867
0.441848
0.278289
0.786099
0.109561
