0.834151
0.194549
0.567656
0.181073
0.510071
0.450848
0.476074
0.783745
0.771937
0.719238
0.338368
0.263845
0.180356
0.665903
0.460352
0.549065
0.045637
0.832151
0.516616
0.469463
0.445920
0.473139
0.099278
0.480974
0.056042
0.532472
0.695681
0.065533
0.532014
0.488855
0.136876
0.196021
0.970562
0.003096
0.697409
0.003641
0.593919
0.993235
0.562634
0.233201
0.552560
0.856205
0.340145
0.386714
0.462984
0.083237
0.103346
0.985538
0.817715
0.988381
0.237363
0.612751
0.477490
0.305499
0.538041
0.673968
0.281484
0.795539
0.563495
0.567927
0.904591
0.012700
0.319857
0.079981
0.237965
0.248594
0.564688
0.977614
0.148730
0.919229
0.667687
0.786135
0.747313
0.158710
0.065749
0.343005
0.182556
0.548975
0.702470
0.227555
0.587336
0.253366
0.820000
0.188602
0.993192
0.540501
0.201138
0.548852
0.368926
0.285414
0.674742
0.120758
0.770747
0.574405
0.098604
0.023558
0.373484
0.074746
0.438251
0.845674
