0.851850
0.784811
0.594611
0.129406
0.859745
0.365765
0.937960
0.483966
0.298377
0.749796
0.624908
0.712943
0.297746
0.479406
0.269697
0.945688
0.431196
0.102094
0.899693
0.023045
0.028831
0.655912
0.517279
0.659834
0.654462
0.643548
0.693530
0.064970
0.679942
0.941621
0.597686
0.294724
0.963771
0.949970
0.706930
0.420508
0.811093
0.962213
0.291909
0.834915
0.416838
0.484462
0.240717
0.277670
0.351806
0.730039
0.953419
0.728380
0.448014
0.636080
0.861090
0.528205
0.380371
0.964862
0.035737
0.356385
0.914842
0.109292
0.231421
0.490159
0.834854
0.529665
0.945197
0.929364
0.420342
0.427753
0.305749
0.307517
0.958285
0.725722
0.742257
0.669040
0.431947
0.094287
0.889822
0.737149
0.904924
0.798962
0.303460
0.694680
0.120187
0.969640
0.024937
0.422438
0.286450
0.444961
0.065818
0.883613
0.765841
0.279243
0.747859
0.588018
0.686744
0.985667
0.195030
0.422155
0.028114
0.932275
0.116783
0.110700
