0.403100
0.664329
0.904632
0.220013
0.160153
0.096894
0.400492
0.032489
0.549717
0.272651
0.875183
0.456178
0.665206
0.999855
0.722879
0.322340
0.104623
0.805434
0.082017
0.070604
0.332236
0.862890
0.136246
0.822200
0.226721
0.786332
0.489276
0.736337
0.725127
0.472904
0.677748
0.798340
0.334681
0.358179
0.573185
0.423203
0.104202
0.831316
0.657867
0.951040
0.238874
0.735694
0.484379
0.911990
0.755216
0.480412
0.452101
0.831434
0.513147
0.488954
0.230025
0.739116
0.713107
0.749614
0.556556
0.913645
0.832513
0.370578
0.498312
0.974204
0.322390
0.212569
0.315714
0.815901
0.195594
0.189609
0.293494
0.513624
0.465393
0.965560
0.703080
0.825329
0.392008
0.786142
0.326351
0.600722
0.684260
0.960451
0.129191
0.567788
0.876152
0.541309
0.411166
0.957551
0.804083
0.362589
0.150142
0.932823
0.954594
0.827380
0.568257
0.978062
0.912141
0.227239
0.655104
0.373448
0.837432
0.269597
0.386115
0.185791
