0.873561
0.309257
0.605547
0.698413
0.105809
0.486665
0.054983
0.594741
0.239586
0.977183
0.023872
0.311281
0.763408
0.275277
0.150642
0.357905
0.897251
0.666312
0.402707
0.629103
0.543177
0.663178
0.274892
0.834385
0.434161
0.917906
0.299339
0.448115
0.347625
0.594504
0.629649
0.225774
0.722121
0.207552
0.127360
0.689450
0.739378
0.905938
0.120011
0.973299
0.962119
0.289514
0.232151
0.775209
0.633794
0.897784
0.574589
0.803976
0.551129
0.387910
0.595642
0.065176
0.455924
0.286030
0.923173
0.173878
0.902218
0.291989
0.377320
0.897713
0.434764
0.218664
0.245101
0.905234
0.701749
0.174560
0.708257
0.527208
0.856145
0.577102
0.520015
0.647547
0.399498
0.560965
0.867101
0.481847
0.882255
0.804033
0.449708
0.011551
0.471158
0.925418
0.559063
0.736405
0.153921
0.169215
0.731872
0.706710
0.370391
0.769969
0.851017
0.529741
0.503116
0.136934
0.756185
0.498089
0.650987
0.726035
0.570278
0.180730
